              precision    recall  f1-score   support

           0       0.97      0.98      0.97       826
           1       0.94      0.94      0.94       773
           2       0.90      0.96      0.93       795
           3       0.95      0.94      0.94       839
           4       0.95      0.93      0.94       713
           5       0.94      0.90      0.92       792

    accuracy                           0.94      4738
   macro avg       0.94      0.94      0.94      4738
weighted avg       0.94      0.94      0.94      4738

