              precision    recall  f1-score   support

           0       0.96      0.94      0.95      1583
           1       0.94      0.96      0.95      1412
           2       0.94      0.93      0.94       759
           3       0.92      0.96      0.94       618
           4       0.98      0.93      0.96       326
           5       1.00      1.00      1.00        40

    accuracy                           0.95      4738
   macro avg       0.96      0.95      0.96      4738
weighted avg       0.95      0.95      0.95      4738