              precision    recall  f1-score   support

           0       0.91      0.95      0.93      1583
           1       0.94      0.92      0.93      1412
           2       0.91      0.91      0.91       759
           3       0.93      0.93      0.93       618
           4       0.95      0.86      0.90       326
           5       0.95      0.97      0.96        40

    accuracy                           0.92      4738
   macro avg       0.93      0.92      0.92      4738
weighted avg       0.92      0.92      0.92      4738