              precision    recall  f1-score   support

           0       0.95      0.99      0.97       826
           1       0.95      0.96      0.95       773
           2       0.96      0.96      0.96       795
           3       0.98      0.95      0.97       839
           4       0.96      0.96      0.96       713
           5       0.97      0.95      0.96       792

    accuracy                           0.96      4738
   macro avg       0.96      0.96      0.96      4738
weighted avg       0.96      0.96      0.96      4738

